5650
1719
1975
3519
2712
863
4959
852
6942
3993
165
3485
2640
6382
5497
5435
4637
2586
6439
360
7640
4688
3714
7732
371
3252
1131
4816
8149
7675
8190
4359
6367
1038
6421
7408
6316
1003
7894
4674
1662
6574
528
4980
4237
4552
5370
3147
7328
6453
526
7433
7137
1524
7190
5922
967
756
1640
6358
613
6087
7711
3134
4443
3989
3108
4753
2675
4825
7145
977
6872
2477
5865
5840
770
2021
7811
2938
3407
6298
602
4023
3312
6487
1227
721
383
4284
7267
4158
3793
4845
3493
7988
3421
7082
4662
5384
5281
4171
5635
728
1570
5627
8187
6422
2820
3813
5419
4388
7898
3897
2083
4262
1789
8068
2201
420
1668
3616
5458
7284
2845
5035
6317
351
4421
883
6113
707
6289
6135
3665
6488
6083
3972
3883
478
7591
1028
2114
6504
7571
1638
2715
1180
7887
2995
5606
3816
2144
3514
3826
7430
1501
6530
6906
1672
5509
6485
5957
3269
507
7739
4380
4787
25
278
5063
4120
7010
1831
4910
7689
6868
1378
505
4304
771
8079
1202
2398
1292
7234
3224
6097
4426
4117
3958
1093
5884
3063
349
1020
5064
2052
2926
7174
2765
1240
1422
6366
2071
1187
226
4902
8059
7187
922
7133
787
2425
5461
3285
2427
2974
5394
3707
7890
4494
965
2670
4167
4073
7302
283
679
2262
6155
1283
7121
1432
7629
1484
4671
7544
683
793
7265
6528
7462
233
5291
5568
3510
7091
4800
4250
2858
2947
2943
5232
2322
2237
6005
3400
6189
3844
1623
6866
3345
5572
2304
2028
1092
5154
503
1012
7836
7946
7755
252
925
7666
2685
783
935
1653
3185
1463
3585
321
5428
7916
3566
3708
5562
6102
460
7240
966
5266
405
821
5579
352
7363
868
245
1888
661
1898
1703
2224
12
7563
4195
2931
7634
5005
6742
7525
5278
6143
7307
6596
7620
4436
7274
1083
6869
2039
2458
4555
7501
7859
7410
994
3430
4189
3935
7985
7161
6208
5527
3011
7932
4570
3362
7317
3091
8158
4021
6639
7167
7768
1243
1029
1413
2066
3035
7471
3917
1940
1112
5907
668
5040
840
8075
463
8101
7040
3795
6758
1895
64
6760
4851
1529
4636
5319
1950
7251
5844
7687
169
4777
1906
4356
1068
7613
1008
3121
1310
4914
817
5625
8192
6792
7344
4372
6620
1713
2170
699
2033
5164
1860
7356
2898
5964
1410
6710
2361
2951
1931
7287
735
5021
7516
5723
7581
395
1537
1880
6129
5336
6243
7593
5629
4664
7736
1487
5506
3470
4087
6981
5980
7760
7324
6876
996
541
4544
6803
5186
685
7063
6582
2423
4375
8159
6100
3926
2810
5426
266
7942
4863
5492
1455
2268
7759
8168
2397
1987
6139
2677
7976
241
934
2332
2653
3678
3475
3168
3313
5710
6329
7984
6718
1908
6377
1793
5529
816
8040
3861
5672
4794
7270
3220
2821
8113
7149
4300
2271
3974
215
2808
7289
1945
6407
3717
182
3804
4597
1477
5222
7592
2895
3141
932
5809
730
1878
7707
4723
1868
7628
3231
8053
2040
3552
3371
4712
6715
272
7382
6122
1186
456
3871
4876
6568
6467
4573
3856
1726
5960
6455
7241
6027
3268
6059
31
5289
3604
7791
1602
1972
310
5688
5006
5078
4579
5659
5699
2533
903
2336
2148
1341
7670
7630
1211
3936
4692
7692
4289
3051
2203
1892
4392
6958
8139
2204
4756
2094
7854
7298
5353
6900
6668
1597
6659
196
2972
4951
1293
6186
6351
2965
8111
5205
5810
6581
527
1547
1979
7944
1881
2139
8051
5623
374
5421
705
1123
5512
3228
1147
5909
7098
7582
4211
6207
1027
5116
329
1610
2076
7250
4855
1934
243
5736
6115
7000
3099
3061
696
6832
7050
7445
5549
3150
4502
6364
7085
5375
6970
8080
6570
5042
4369
4588
6369
1298
6707
3412
5079
1539
2581
2153
2778
894
5771
6916
7216
3435
3005
6798
3241
2825
5153
397
7052
6086
5409
3038
4093
1755
6756
4288
301
7036
4879
1923
1168
7095
2886
3458
1997
1247
6513
6463
212
4633
3878
5990
2238
6031
1655
7001
7496
4958
547
2588
186
2493
6105
192
4839
2832
5480
5429
1036
726
3735
7975
2560
4109
3364
1320
2086
3300
2532
5177
2420
1153
1046
5482
6729
7253
4282
2839
8030
391
1764
7020
7852
3331
3305
4341
6937
5196
5931
786
4174
5445
1561
3533
8136
6929
1798
2656
3284
1752
8100
3643
1808
5261
6579
7198
3912
532
4002
1349
7402
7539
516
3014
2389
5150
2849
3662
7074
2823
3469
7
2473
6049
77
5127
7375
5369
3513
3549
6801
5423
406
1842
2964
870
4057
2354
5806
2595
6046
4737
8140
4221
927
4707
5839
7694
3712
6963
4592
1784
6234
147
3215
5573
6015
742
487
3409
4854
7650
6052
3204
3624
5620
6839
5180
4218
2634
6775
6830
618
87
824
1882
7829
7077
545
1822
5528
4103
3163
872
4581
408
4745
4062
6857
684
748
3794
308
2374
1415
1844
2979
6038
6233
589
2711
386
6454
3036
7419
1411
2521
1319
2002
1143
3978
688
7378
7047
1257
7345
1730
3959
1300
7025
7394
191
1412
3193
2544
3257
5591
3525
649
394
7632
6566
1873
1301
6932
3088
3298
7526
7427
1769
8002
3462
114
3532
6723
7673
1499
1862
1954
7288
2722
1161
1482
3017
3174
2933
2904
975
4606
6376
3029
7100
6648
6954
577
7742
5271
4609
3843
7616
2177
3781
2663
569
1936
6154
6212
3263
4576
5187
7365
4922
4599
4822
1918
737
3112
4149
5535
7162
4283
7930
2843
5709
7254
6764
1845
1698
4697
5436
43
928
7311
2396
3113
6838
3645
7175
6359
1237
2141
6641
3676
3410
3760
2955
2968
2659
2051
4715
3151
5605
1832
7695
1750
4946
2179
623
2967
1909
1224
5680
969
237
412
5782
1268
937
6417
317
3384
4971
581
8078
1190
3832
2614
1338
5634
2714
6553
7493
3194
1734
692
4832
7536
5225
2908
3511
7318
1291
5467
1223
8095
4699
712
6661
5494
4100
6490
7575
5406
7490
1624
6438
4390
877
4742
2327
2121
1549
7741
1483
5554
2245
1067
7810
6312
6147
7688
4675
7515
7633
4130
7488
2222
2776
6567
6543
6349
1792
5599
7346
8063
7923
8157
4449
4054
1219
5105
2935
5558
328
7714
1391
7239
1533
3728
7466
6333
7364
8122
558
2781
476
3886
2351
5664
6975
3106
4135
2901
3612
7139
2917
81
2340
1209
7146
6242
211
5342
5555
8093
2751
4119
7983
6955
1155
5090
5995
449
7093
7221
4061
5779
6106
4440
5522
2628
21
2888
2200
2227
5930
3145
4990
5677
920
7806
2654
4064
2578
5309
4148
2034
3368
3402
1462
4583
5563
6545
8135
7928
3330
2232
811
3819
4428
138
3149
3905
1538
1308
84
7604
517
3351
6071
6253
6901
1536
2902
3477
4122
1926
6728
1951
2004
3349
7941
3546
6195
4484
6672
1322
4245
4425
701
1930
1394
7858
7127
3043
5973
1577
1059
4615
4371
5252
8004
6613
6594
2837
6491
1785
148
5643
7286
4908
8171
7393
1959
3854
4709
5938
5362
804
6028
7360
4394
4042
8061
380
8070
4766
4010
2372
7682
2326
143
3392
614
1721
7589
7935
3584
4185
5669
7011
6165
3751
4913
282
7388
3865
5853
1175
7456
4136
4652
2184
6474
5690
7021
5587
3003
6971
1332
3879
6925
4949
5900
2817
2927
3013
5344
7737
1751
7436
2183
534
4381
4258
6693
5125
6537
2428
5462
6512
5256
6884
2446
1387
140
559
7037
5477
1479
8160
5916
1956
5128
736
6314
6112
187
5530
3136
6730
363
5481
3338
6562
7523
2869
3020
1827
5519
3452
7081
2187
1023
1847
7214
978
7342
7798
6042
2403
6379
6865
5378
4139
6119
2109
2329
5169
5084
7797
2577
7188
3395
1446
7889
5465
4138
5404
5802
131
4160
1494
2953
5157
1050
4556
2195
4639
6451
7380
3945
6352
1358
2559
5094
7029
331
4835
2658
484
3343
7165
4608
4596
6130
3468
7244
2091
2792
5390
6595
2394
4654
7013
4022
5747
4667
7143
654
4987
4814
5935
5662
945
7519
474
6704
4311
4247
4695
5967
253
4489
3053
7566
5102
6950
6120
3126
5193
5956
4419
4535
3967
3015
8180
4128
2648
1191
6197
5532
4571
587
6270
3009
1234
844
5942
3188
91
6064
5878
1167
5200
5345
4017
1913
264
3543
5337
7994
4243
4096
1855
8133
7785
2930
3627
506
4924
573
2761
289
7125
2615
1648
5424
76
1108
5315
6342
815
1072
731
4504
6360
5848
2557
1217
8152
7088
6286
5775
6167
7837
3523
514
5449
6148
4098
4299
6373
2310
7271
7843
2003
6556
5181
4187
6180
645
648
3745
5754
139
1135
8145
6909
5476
3390
3568
2923
2607
1026
1654
284
7260
3825
2381
7899
6319
6939
1136
2037
4301
3080
4677
3358
3965
7987
3691
2729
4350
3167
259
3012
7919
2814
6497
7979
6879
4074
5451
1630
4781
2088
6411
3547
118
122
4933
5801
7429
6951
2196
1244
3999
8188
3606
6646
4400
2231
2464
6395
1100
4058
605
968
5050
7524
4153
5250
306
5899
8096
3586
3555
912
2887
6311
6150
7645
4000
4539
6482
3647
985
2929
3739
918
6045
222
7607
5095
8185
886
5201
7956
6152
5322
1286
851
4604
6393
4166
2278
4178
6824
2649
4259
279
5603
172
5597
5830
3855
15
625
4344
864
6944
2058
3592
1555
3123
4899
917
6651
7512
4569
5646
4750
1896
4727
5325
173
3792
3677
7383
4499
6524
7769
1453
3453
369
3610
7464
5894
4607
1657
7901
6241
923
3078
3244
3619
1366
3190
3920
1774
536
1552
3391
2313
1795
2950
7537
1701
984
3146
5920
4229
5453
2976
7892
5997
2609
7506
560
7206
1626
75
1053
6859
296
2000
4382
3979
4605
5814
3957
2127
1776
164
6850
1783
3550
4840
4543
4848
3560
3499
6935
6330
3852
6053
5770
4236
3602
3393
5430
4757
1362
1065
274
6326
1047
6200
7846
5483
3494
5581
7840
5638
6335
8017
3961
4895
1157
6957
6182
5989
7914
2616
4254
561
269
4219
117
3613
6168
1556
3000
1273
4680
5420
3498
208
3623
5206
6627
2135
4204
2665
808
6616
3902
3810
2723
150
6605
4771
5538
1436
2668
2401
1994
3164
5571
5812
4437
926
1604
3124
1141
7089
1497
911
3424
2697
3753
938
4280
5513
1470
5001
7053
2190
884
7699
5949
2225
8181
7831
5082
7304
3524
1090
3738
7062
7841
6282
1629
5215
3548
7357
659
7963
3465
4106
6172
5661
6178
4954
1265
7014
4264
4836
3422
4711
8125
7547
188
6450
2881
4039
639
1790
7921
1876
6307
6009
3433
7273
6719
3761
6133
7915
6441
698
3334
2429
4906
7559
5318
4538
4318
5585
7855
4919
1076
3322
8106
7867
3605
1207
7441
2989
54
628
2669
7654
1760
5911
1088
6716
1099
5341
79
6475
2621
7153
4965
1251
1085
7259
2721
5593
7940
2242
3540
3200
2758
2356
3165
5602
7479
1351
4455
6945
8057
2459
4729
6833
2666
5925
68
7513
6437
7805
5874
8143
7833
5183
7827
5008
6406
8186
4438
3503
2657
1126
238
221
5248
6440
5364
348
2116
4790
194
1806
6492
5686
3264
768
8089
2367
976
7743
6398
7751
6717
5518
6432
1256
5440
5259
2317
7543
2325
6621
324
4260
3092
3894
1448
1598
1939
3260
3247
4279
717
836
1550
6445
2125
2193
6671
1805
4495
1627
7731
8144
2174
3715
7421
7891
7264
8102
6816
4517
5407
6531
564
1272
2258
615
2120
1741
3229
5881
5190
3782
1094
2600
4003
5741
7428
2716
5239
7778
732
4776
839
5880
1388
2455
4778
8025
244
3571
2054
4575
2856
3590
3471
2584
6054
3004
7163
1382
3133
2081
1077
5675
2672
1096
1974
7576
940
5607
3842
3711
4591
2411
4414
1820
6191
2783
7602
4775
2160
7625
3779
4147
2309
5514
7478
2773
2257
8176
88
38
134
263
1132
6960
7579
3093
760
8131
6577
6073
5365
718
4942
4923
4339
4988
8170
5805
3267
4163
2861
5473
1958
5288
6332
7120
991
6409
2027
1417
2402
5203
3294
7308
4450
5381
490
3110
5992
950
1248
4295
1055
4523
6254
5397
6633
942
2524
4238
5717
604
3909
1548
5311
2920
2182
1686
3346
7486
7215
3702
1333
1460
4077
149
6240
4730
5631
6424
6029
5887
6381
779
7762
4179
59
3506
1542
763
2804
4468
7776
7851
5329
5797
3553
822
6171
1473
3538
4020
5987
662
5241
3089
2498
2509
7639
7352
600
6468
3737
2576
4399
5392
6878
287
433
3699
3382
3333
7247
3131
3769
3626
7366
5030
5012
1803
2024
4668
1106
6940
7611
3668
5772
5708
5354
2880
5067
4214
4868
1192
3582
3652
2451
5425
3040
3873
778
1478
7577
4892
7881
4690
2720
4701
2077
2502
4962
5706
6089
4439
6384
6218
2445
8027
8003
300
4226
789
7698
1989
2472
1526
2642
4828
2380
5122
8167
6160
71
4029
1700
3265
154
5310
4215
3127
5355
797
494
7600
1185
4199
775
3723
2358
1797
2206
7644
7514
6256
496
1444
540
744
2745
98
2290
4389
902
4621
7064
3342
7492
6007
1064
8128
2570
7511
7312
7882
2623
1736
1070
5141
5346
3500
1937
7056
594
3450
7690
6532
2661
4145
7663
3031
4589
62
4963
4915
3880
5759
5075
2834
6063
7491
7789
1927
7937
1705
812
2415
1102
7405
6372
7406
607
2571
3799
6116
4997
1134
5550
5856
7032
6947
2409
5888
6880
901
6722
2795
4953
4635
878
2253
1279
5022
3910
807
4474
5110
1196
6278
1396
5927
4364
7908
2457
2016
905
7138
5767
4038
5559
2991
4083
1156
7819
2540
1568
5829
5574
4125
5673
2157
6340
7224
183
3010
4762
1702
5616
2353
1581
2385
7981
3246
2945
5614
2701
1041
5800
6525
995
6277
455
7136
5408
8050
5799
4508
562
2486
2737
686
4050
1313
4159
375
5443
6131
5302
7977
5301
4354
1921
1830
7290
5928
2169
7332
6290
2987
5484
2239
3748
2597
1263
4514
5834
1575
4961
3683
6248
2587
7885
6310
7978
8173
4379
6003
462
693
7292
874
6336
6383
3638
2199
6825
4261
5742
4977
5016
1883
6864
5267
909
1513
6043
6915
3770
7583
3016
4132
5962
7071
2065
153
7440
5491
1717
6741
6819
385
7067
4746
4347
7381
5339
3178
4251
7822
1771
1229
3903
3199
3580
3086
6452
2797
4067
3889
6711
4681
1021
32
6753
3508
6852
6854
3608
2252
3822
3073
5943
6779
5660
583
8041
682
5841
5816
6476
6220
4464
1295
6249
5280
69
2230
8163
4431
3934
3210
5298
6881
7129
7847
5287
8092
719
7480
4383
7038
5526
6624
3996
5073
7276
5971
7504
4216
3385
52
1504
6905
7584
6848
4487
2579
6460
1572
4941
7105
1469
2803
5314
6602
4687
2860
2186
7101
1426
1633
4698
4901
6989
6176
8118
7415
7849
6635
1262
5825
750
1215
4873
4239
2364
2057
1061
7656
7749
415
946
4558
4590
1992
2798
1285
7263
162
2756
6044
8138
179
7043
5503
5403
5184
7015
2514
7097
8071
2647
4325
5860
357
2633
251
4981
6405
2572
2700
4012
33
4726
644
2240
6986
6943
3599
2249
959
6835
3557
2395
5304
5858
255
7231
3648
5533
7528
6520
7497
3321
7681
3403
2868
5656
4567
1365
7635
2167
550
230
3541
5227
2844
1057
7989
3201
785
5416
2214
5836
3713
7860
4265
4956
6391
873
4244
2373
6158
6008
2598
4619
2510
8121
1819
4466
5108
2741
6969
3659
4085
124
7535
6895
110
3309
7294
3290
2280
1925
6655
2903
3953
3679
513
7219
7321
3361
3741
7192
1121
6607
4378
3413
379
2382
3637
4585
6601
4444
7257
2321
8045
3942
1116
6394
7870
4798
2852
7826
7636
2209
5178
1163
6235
1565
2997
7012
8028
7938
2333
1373
2603
1503
5139
6875
7437
6794
7917
7431
3620
7968
354
2867
1204
6725
6322
6578
5454
4377
3463
1336
2430
5069
7336
6797
1611
2889
343
6802
767
6682
4340
5637
6544
2133
1807
7007
7605
1464
7552
4331
6585
8012
8148
7861
1467
1893
3119
981
5724
2456
1647
2480
553
1531
4030
6870
6817
3461
1960
992
2892
5172
4108
5478
3225
818
5294
3289
1454
2180
3454
6652
1034
6020
929
5192
4937
3448
4027
2297
1990
6510
1815
1060
3339
3411
7343
116
5377
7926
3913
2835
7390
4407
5495
1632
3214
7268
5876
8091
111
7030
761
277
6638
6805
5331
1986
1087
7848
3355
6564
367
7767
1309
6473
3350
6737
299
6823
5361
5975
2954
5328
1418
3026
2022
178
3192
4001
457
3425
5781
5777
6486
4598
2068
1142
1859
6389
6952
2426
4765
7439
6649
7449
6946
7990
3946
2161
6752
2346
4642
7570
4842
2062
6400
1680
6267
2462
2014
6413
2990
7385
3686
340
5685
7469
6965
7700
8162
566
5071
6061
2651
1606
2893
20
5823
3578
7144
5466
6778
1323
8164
3082
7863
2283
8151
5335
7617
6828
5499
3170
4719
4930
6861
2626
3374
4328
1607
1339
7647
4270
6851
6785
1684
5235
5734
3311
7693
3243
7280
2764
3898
799
4072
1695
557
2911
7211
4532
3837
3067
5984
7341
6747
3995
3076
6183
5401
4783
185
6435
1442
4006
6590
6137
6853
3987
3496
1718
3022
4424
4460
574
3611
7191
7301
5017
6576
3609
5070
5236
5253
4819
7400
4044
6732
988
1401
7953
2730
6896
7648
7912
4676
7998
7195
5277
1664
1480
2780
643
5330
4691
7568
156
3356
1197
4151
1335
6539
7049
342
4213
303
6687
7683
3829
7379
1590
7857
598
6023
5129
3023
828
6772
2854
4663
2574
7124
3970
6642
5813
370
3329
2355
39
2392
5488
3796
7529
6933
4975
1238
6795
612
2752
4342
4809
8150
3800
4885
677
7662
5136
3570
7389
6608
3449
5015
6283
2244
7771
5695
5832
4561
8034
4278
2416
2818
2638
2637
1681
5292
2739
4995
4864
4682
5268
322
6558
2492
7374
2338
3919
473
1641
1983
2440
393
3725
6039
4578
3295
1465
2539
7951
4094
3596
4511
7610
5349
1622
4872
3095
3406
2400
7361
4613
8000
7844
2726
2298
7110
4089
3601
5418
258
5547
3535
4170
6998
7117
126
936
1964
5504
8120
2025
3721
5400
3259
7327
2234
570
4256
5926
4348
5726
7334
106
5009
6193
1765
653
7936
6561
6899
7642
6068
5133
2010
1024
6423
3698
7404
5399
4536
7339
4273
5101
2217
56
4982
414
8097
2625
655
7862
579
5212
1205
203
6321
5666
7022
2324
1361
6110
1729
5721
1481
7627
4658
2294
2618
307
1683
2937
5208
1903
7548
2292
2914
6368
1567
6550
7948
2717
3594
1824
2399
3398
6331
5817
5940
5204
454
7229
3079
6374
4070
1963
6318
229
2106
5060
3863
3414
6992
642
4323
1370
6815
2541
8169
6738
146
987
3583
6571
4989
7398
1496
5693
7626
167
7205
2266
5081
6610
6770
2569
1887
1813
3817
2421
3027
2785
3709
3943
7962
4490
2299
1957
4355
3375
8046
1318
4547
5626
4779
5849
6175
4162
1080
6501
1255
601
5525
5919
2140
3157
6673
5432
6303
5580
2522
4496
5815
1753
6847
8072
3875
3982
6284
2272
434
3480
1173
6597
2118
5054
4841
7454
5679
6415
4626
4113
5171
3405
599
3680
7821
2375
1589
115
7754
4014
2470
5885
3383
5743
2436
6515
1277
6151
4641
5861
1747
973
5372
2150
389
6827
791
3397
3786
5393
5039
5983
130
8142
7672
8105
5510
4856
2774
4546
4786
1527
7945
4586
4755
1164
1781
3981
670
6067
2246
3001
7459
4078
1457
5667
7024
3293
2749
7952
3986
5644
1389
2454
2171
6514
2694
6309
1514
5474
3706
5639
7340
480
6362
4693
2362
5785
6860
6502
608
5386
4084
7203
1449
7799
2693
1715
1189
5946
1532
4859
8015
7103
2331
5374
2303
2857
6047
223
157
459
4317
7403
7070
2233
2542
7147
4969
5594
5207
3885
6706
2655
368
4580
4193
7422
4815
568
2513
5121
11
2289
5132
2809
4833
5189
7369
260
4926
364
1708
3195
4483
316
8156
5313
2641
4979
1516
4603
2905
5776
6347
65
7150
7918
3491
1679
2673
7685
2519
7473
4595
7786
5485
5352
2763
6126
6555
168
5890
5297
5113
3490
1025
1569
1687
4955
3227
8081
418
3484
6471
531
5612
4053
2691
4616
3526
6420
5702
7391
5786
2115
2511
7457
3340
5118
7729
1933
6750
4005
533
4999
7773
4433
2159
7856
7727
4360
8031
22
5356
1592
2339
790
7586
5444
2872
5577
5551
6804
5221
7618
5138
7197
5174
7171
3101
6232
6174
6614
4115
4525
2466
4404
1101
1723
1281
3846
3518
2475
3674
4307
4669
4936
6363
3
764
6388
5383
5843
3245
2491
3661
1911
2218
427
7669
5838
6202
565
674
3487
955
3184
4789
4732
7159
2469
7054
14
2407
6645
7980
3426
941
803
5100
7235
842
4088
5760
497
8115
6977
193
4271
3949
4461
609
4217
1474
1004
6569
5852
1976
3848
5057
1284
7959
838
1587
3348
6527
3634
7787
3071
3807
665
3366
1980
6339
4184
575
1326
1768
4622
611
1688
6509
3219
41
813
7621
5219
3593
5999
1379
2523
3630
1397
6573
4233
632
6692
129
6399
3908
6580
7164
1017
3240
5431
4196
1305
5970
6173
4032
7715
4488
3373
7555
4510
6821
1103
5850
5124
4417
1393
860
1148
7261
7766
8026
3719
7997
3388
6266
1763
4384
5179
3125
419
3276
61
4297
1364
1849
819
7553
5753
6480
2779
5238
2165
2973
1380
3587
1270
3924
3226
5422
55
4485
108
4927
6170
4333
2740
680
6442
1181
7680
1811
3495
5487
1304
2606
4240
4234
37
6552
5948
6903
2191
6890
2767
3102
3998
1674
2952
5142
2799
2527
5456
151
3954
1816
3696
6128
980
6268
3962
6979
6936
3577
1762
6928
50
5792
4277
5712
875
7804
3901
7725
5917
1838
7046
2515
7412
5857
5048
2562
5091
6408
7222
7534
4241
6996
7045
7448
4286
2866
3239
1696
6907
3700
5047
3476
4574
5507
7417
2890
4095
4306
1056
4678
3754
228
1327
713
3633
5570
1456
4462
904
7027
652
7880
8130
5851
3138
4026
3937
7179
4860
4310
1796
2667
2912
1560
3280
4904
687
3675
446
5854
5758
7460
7705
7792
3927
6681
2260
5479
3607
7598
2136
4572
2770
4016
2383
7413
1857
1359
5334
6927
5296
6657
2800
1517
5114
3692
2090
5103
201
314
7226
2777
213
4477
6739
6811
6565
5347
6040
4395
5996
4269
3256
2828
4406
7665
2302
4545
216
1907
2208
751
8055
8023
7111
288
5704
4518
6679
7090
207
2530
5764
5745
1839
5958
5681
1200
6665
7927
782
7201
7970
1993
4475
5285
5046
4559
5323
1712
7532
2476
2012
483
1809
2596
6308
5061
2256
472
6877
7371
2842
3446
4416
3689
697
4471
1353
5676
7246
5251
6035
5789
745
6041
4150
6563
7793
4784
1669
4435
616
5176
7048
2137
8114
2660
7738
6185
3320
1690
4984
1253
1210
3180
4533
80
1985
6205
5
4710
4292
1949
3984
5924
7909
8065
588
6305
7905
2264
6261
7961
4568
1634
387
6712
519
4793
4769
1222
6667
2467
1941
6499
5766
4470
6807
3631
2874
5041
8054
5018
7002
7223
5233
6081
2284
1563
4549
4683
4276
2386
1955
1775
6534
3324
4507
7141
227
276
3784
3666
4493
3279
3434
825
202
3539
3918
4165
6159
3657
5934
3558
2549
1002
1595
2885
3380
2567
5711
4900
4482
5808
6201
1612
7820
6238
2056
3820
4617
4176
1299
7660
2277
2873
6498
2934
672
4666
3521
8064
6662
6462
4432
5872
2782
3297
5343
1645
2534
5096
1644
952
2575
5290
4934
3891
1355
5049
2862
4420
3710
5143
3451
4154
461
5358
3504
3419
6099
1416
5000
8052
3915
3154
477
7314
4672
160
6101
1706
5653
3007
5363
597
3327
2899
6771
2443
4066
1658
24
2347
6107
3899
1800
6123
285
6227
1678
470
2149
1344
2891
7972
6529
2015
6085
2036
6784
3758
617
3087
3408
3536
2988
6315
4685
1475
1325
3545
3765
3132
4071
3084
1777
1780
6431
1329
1770
8085
7500
856
5873
2478
1235
7096
3467
1573
3773
6157
729
524
6288
4811
2018
2960
835
5055
2314
5338
5173
7697
1264
4890
6640
3254
4875
4702
3417
7461
4080
3923
1732
1115
2250
384
896
2743
4180
439
6923
1105
6219
1673
3116
6483
3907
2709
4767
1408
882
4402
5307
1260
3621
637
6709
4007
4411
2585
1588
6746
6484
4322
6479
4673
4190
5516
3024
7177
6412
2079
6164
5220
1368
2516
3492
1817
5126
3507
1576
5556
989
4645
254
6132
914
832
1618
298
5901
1259
1149
5697
1621
3746
1013
2119
1266
2879
7657
4846
3787
5011
1772
4200
1920
7152
5194
2038
2859
792
1965
250
4255
7434
1182
426
6560
2537
1943
3459
5651
551
3597
7780
1445
3270
3839
4527
2829
4047
1297
3323
1398
5471
7712
7551
5257
7418
2078
83
431
4526
7409
6285
4638
3747
5524
3161
6146
17
7599
2985
1646
1725
5019
3096
8134
6938
7115
2269
1203
2646
1521
1599
3947
6004
8009
2528
5665
5773
6299
6663
1946
5595
3069
4453
3460
1711
4773
1052
8126
5500
7316
3636
145
1125
7888
8154
109
4231
4183
5756
6276
6082
1912
2807
2896
6037
2450
1493
3030
30
4844
4703
6051
3845
1214
1836
6820
5648
4370
7193
2320
586
2482
1486
3572
5274
1969
2043
630
2335
2627
5326
6961
7830
2787
4004
5944
4090
2376
993
7119
6675
2956
2865
441
3948
1405
4212
5636
2916
4412
4332
5269
3952
3445
2813
5247
6466
1714
4877
6745
1756
3439
2072
5913
3440
5413
866
2543
2827
2082
7059
4198
3900
3985
1118
695
6623
4293
217
1543
132
2788
6917
739
5305
4888
1731
438
2897
2061
195
2138
4718
1704
2815
900
3315
1510
3142
5683
2736
5398
7719
1619
8066
5981
4208
2484
500
3501
4228
961
8129
44
443
7225
7676
3750
6251
7718
3632
5678
4747
7414
6908
7740
4634
1605
2605
881
5434
2156
2631
7326
4069
1154
5234
1162
4661
309
5111
4451
2438
5720
1199
7353
6088
2126
312
4797
2369
2679
6535
5333
733
5972
5565
7877
1801
7368
727
3684
1062
7696
2506
6472
7180
1846
3072
159
4534
7158
5768
3213
4374
2650
6926
3669
6777
7505
2330
1035
4330
6622
4161
4907
2913
3081
2444
2573
2980
6713
5198
1757
3809
4194
1778
5739
5727
6949
1367
5715
802
6444
7939
6793
103
4472
1058
4627
4031
127
6281
6228
7606
3830
2619
1660
3565
5871
6787
1030
5284
2630
5427
7652
7876
1119
7974
5272
4623
4820
2216
7108
4646
3559
2662
4114
1663
5086
7309
7303
4716
7142
8011
7597
781
6743
6882
1872
2851
6095
2806
7185
2643
4423
634
3436
4973
1540
3531
2328
326
772
4964
2535
5068
6265
320
2342
1828
2166
333
1384
8010
2748
1545
7724
5553
567
2690
8021
7609
5312
2870
7217
4327
5714
2192
6583
2112
4931
6836
4759
2617
5615
738
3591
2564
2689
2348
3064
6280
974
6357
1337
1241
7947
2205
5622
8117
2122
325
1804
6689
749
2301
8094
6156
1079
7477
5691
1982
6962
1689
3222
2047
4036
3189
5655
3956
6231
5947
4947
70
6517
2978
4045
3441
4932
2210
2414
4168
827
8189
1421
1620
2992
4141
5213
6397
663
723
2705
2684
347
6829
5701
887
3522
4249
1782
2046
3394
4734
4530
466
5728
3202
1944
2981
6736
23
4210
2512
6125
2319
1823
327
1991
3173
6674
7018
2732
6396
2731
4188
6213
5209
5846
2986
4871
5633
3933
5719
2013
7305
6118
6990
199
2461
5351
5038
5045
3646
5826
3111
8155
3335
823
2410
6922
3197
6983
3100
7104
5166
3921
6973
2223
3950
8146
5348
7204
2611
7039
5385
8141
376
3488
6699
3271
9
2928
3841
1451
448
7508
8005
5020
4782
6223
6720
6536
6380
2636
7236
1015
518
1032
5376
3653
3870
6348
6763
5448
4806
7868
7883
6788
3635
7128
7735
5542
4368
1509
5998
6024
7476
4648
647
2698
1879
4177
2944
6791
6506
6346
1022
104
341
4796
2
3472
814
1724
3687
7079
1745
7044
5249
458
2075
4704
3008
2229
4749
5175
8099
2805
2877
1582
4448
7325
2377
869
1728
6615
6343
8147
6192
6806
6481
4785
7801
8007
7701
218
3556
5914
3070
2189
8022
7065
897
633
6619
1947
3291
2836
2134
7472
5135
8090
1754
2049
4235
3527
3701
7624
5224
4465
3158
1095
294
7580
4743
2553
7060
3771
7281
6062
678
3755
1254
7530
2219
7540
4169
7293
4694
6229
752
339
4338
6386
800
2680
3128
4206
777
6849
4343
1232
2871
5191
6021
3831
4887
2098
704
1317
4
2095
4858
7612
1666
3288
7220
1962
2801
3916
1230
5744
4649
3230
4055
1594
7992
2664
5668
906
522
5379
2035
174
2789
3928
4376
5641
4144
6181
5670
4714
7807
3828
606
3644
3827
8107
820
113
5112
7424
6874
355
4829
5827
4052
2073
5258
5544
7752
4043
3629
5601
1170
5371
4818
1834
910
964
7637
8006
5671
7359
3442
1603
155
4104
5598
4152
3742
5459
933
2503
6293
3302
5915
7911
4853
3281
5306
4869
6402
297
7903
290
8042
1128
6375
7542
5790
5160
2305
3217
4308
1884
7895
5831
4891
1441
5457
626
3833
2378
676
101
6892
7746
7790
338
3432
2644
7933
123
1897
102
5700
5104
5027
4124
6410
3814
1739
7207
3282
2719
4102
8018
5985
5979
5199
2822
3893
1685
3050
7499
2863
1258
1659
1586
5534
4467
7748
7407
6604
5414
2263
3872
4296
2969
85
846
7710
2682
4867
2993
1848
3359
7156
8119
6966
4985
6999
3341
7337
1661
7522
1107
479
3002
3968
3727
1428
658
1078
5218
2768
774
7355
3103
3818
2496
724
4142
1000
7838
4563
1216
3805
1877
2970
2678
6768
422
3997
2735
6275
1288
432
1515
6127
6686
2132
6221
267
953
4457
2295
3479
4281
6427
5713
6250
7386
2894
6140
979
7183
2064
1075
1124
334
6297
5905
3955
1178
6721
3834
3562
6593
2265
1014
2652
1275
5731
689
3325
6749
2550
4092
5879
2529
6559
5151
2188
7176
5588
6740
3756
5824
3534
6822
6586
4970
2495
624
4763
847
1519
2070
1458
3042
780
3811
2254
6521
2041
1133
4566
5185
3045
467
7585
7377
3379
3664
7557
5463
6904
4918
436
3431
133
4935
1431
784
2337
3778
1433
5025
2211
1392
3744
421
3603
4207
234
1174
6518
4028
5263
1252
6837
4866
6891
535
6153
382
7588
2497
5891
3249
4713
4172
7484
6006
7587
8036
6048
6814
3182
2754
1749
8137
4267
5051
2019
1429
2733
7446
1091
7518
1169
3277
5324
4079
3574
5415
7003
5883
4728
6840
2499
6700
921
5578
344
694
4458
769
3216
5531
5696
4893
5303
5031
7772
1476
1019
794
8127
798
6714
6302
4011
1328
3118
209
2185
1773
1485
1334
5732
6695
1081
3287
6216
6690
2442
4091
6215
2552
4506
5645
1226
1998
7411
4156
2143
1853
4916
585
5788
2261
7106
3654
7042
5214
1761
3365
249
709
8177
2850
7475
7879
753
5034
2460
7638
5994
6076
4298
4529
4808
445
4791
450
7348
6734
6843
6230
7722
7784
4454
3821
6356
2838
572
6523
5965
4391
5621
3319
3262
7651
6149
3032
6618
5628
6134
6968
1198
5433
2017
5026
1691
3274
1919
7991
754
3726
3544
7906
2548
2479
6257
2759
681
4445
7033
3183
7679
703
1799
2687
7643
7035
1267
6705
5087
16
6858
286
1833
5380
47
2341
5237
3716
400
6643
6080
3068
6919
1966
292
4326
6893
2431
3187
3033
3041
6222
2681
3177
3428
6632
51
6871
6496
2130
1194
7824
2900
502
3670
1150
6617
8074
4294
2448
8112
3399
337
3732
2248
7295
1009
4143
5033
899
231
239
6599
747
1146
1852
1826
3206
5511
1520
5439
834
4118
4884
6972
7249
5028
4272
7055
295
2494
7172
4950
4882
5076
6956
5684
1236
112
2963
7182
1961
6897
5976
5316
3122
4275
6072
2096
3218
888
1213
6260
1054
7686
6650
3423
53
3273
358
6239
7384
3037
5002
2907
5052
4192
5986
563
78
3847
4764
28
5835
7487
4560
983
7061
4911
5898
3120
491
4480
5796
657
6831
3314
664
5389
1511
3251
5908
1566
3483
7800
982
4564
4515
1033
8124
3299
5729
6091
1315
2769
3866
5859
6433
1294
826
5299
4721
5437
5749
5893
2794
3656
5498
755
2489
5791
3730
5604
4351
7702
1910
1528
5475
1179
5119
5866
6338
1491
3705
8067
1558
1758
5115
3850
6104
5837
6751
7733
7779
4363
1239
3887
2437
4976
2042
6429
7770
3515
4040
8183
60
7594
3404
8069
2580
4410
7896
2594
2181
758
7839
4105
2958
7242
3938
3690
3137
3971
7864
58
6731
759
3386
7233
765
2554
7210
6826
1891
4060
6
1345
4752
4903
5014
315
7269
3344
7907
4966
3310
6995
1356
5470
1914
4224
7498
270
3720
3930
5546
1863
10
2481
6782
2101
4650
4550
5265
2591
4896
2841
5821
428
2001
5889
6886
4898
3512
7619
2915
125
6508
1843
1551
7432
6993
6754
1523
7996
5447
4659
6603
8047
5778
5600
2368
1269
5242
469
4013
3823
4303
1443
6691
4434
3655
5162
4268
2107
4203
3212
2345
4242
5093
6355
4266
702
2853
6911
3600
2925
6660
1889
841
177
5003
6493
6252
1437
136
5541
6353
7615
6887
5059
5145
2505
711
1535
671
311
3056
2994
7950
865
4252
7306
4880
4557
6533
5417
3791
1670
2983
2485
6325
1129
7765
1525
248
2882
829
6883
3238
2750
1864
5955
501
7349
6279
5803
1694
6626
4601
6755
3427
8110
5774
3682
3641
6656
2961
8060
4788
2604
4883
1851
2692
2060
4409
580
2704
1825
6446
6697
3673
5632
3783
7157
5359
5264
6354
5793
7256
6436
7102
2441
2030
1321
809
5273
6056
1043
5752
6262
1814
6931
4422
1835
8123
4944
957
6345
1967
3129
3387
5968
2092
4459
417
1381
7320
5520
465
4345
2235
1738
1390
7603
7438
5867
7455
4643
2198
6477
3734
1066
7373
2020
7757
2045
8014
6683
27
3922
247
6403
2884
4140
1874
49
7764
7258
2343
1346
6011
5286
4403
2243
7112
3255
5446
7706
660
4452
486
5388
2840
4799
2551
1905
7237
6701
6066
2063
5469
6111
5757
7212
5455
3223
6856
3517
4257
7453
2220
2936
1280
805
741
2932
2724
2334
1402
3888
8039
1249
1642
7208
5845
5564
3250
4741
2875
7960
7677
1518
353
4582
409
7245
2490
6978
7964
7399
3248
4528
2620
1159
3932
2007
34
6224
5897
5295
3074
4456
7750
646
4305
5260
1942
5952
6708
6800
1682
3075
806
166
302
1490
7730
2424
5320
6114
636
3054
5640
4521
1492
8178
3179
7809
3105
2251
7818
3944
593
1999
5279
5231
956
4009
1419
2384
1904
3352
3175
7107
1915
1671
7815
7009
1600
7545
4972
6070
7387
5229
1727
73
1802
4362
4197
190
6096
6600
6733
4912
1591
5490
3622
6744
1584
3868
7865
2703
3196
3688
206
7299
1176
7026
512
1885
2031
1086
2760
2563
2525
3278
3090
4225
7910
7531
7485
5582
6324
5099
1812
1172
3768
437
7884
1585
498
8033
4780
6187
7631
7720
1212
4686
919
7272
6430
5134
5674
6924
1917
2922
2483
396
2093
2708
99
6647
530
3672
5586
1089
2154
3486
3658
2432
2449
7546
6327
7527
5589
6841
3671
1578
7362
1037
4516
1352
2113
4804
6328
3107
7775
3059
5137
1122
3062
1158
891
3808
4086
1601
2352
6572
4082
7131
1206
493
410
3650
6166
1011
830
515
7114
510
1400
7443
7520
6757
4897
7949
4463
6664
6478
5818
3911
1069
2055
3466
892
2977
7467
5402
3892
2287
5819
4512
1
2105
4600
7661
416
1867
2009
2790
4843
1875
7262
6206
7078
8062
381
5609
4191
2593
5300
5517
170
1922
3618
2959
7835
6196
2089
837
135
1631
5053
67
2982
2791
100
3160
4881
6273
2323
5088
5765
2819
6948
2766
3283
1383
7333
4758
1735
1677
2308
2940
6026
4222
7113
5117
3144
4253
86
7227
3780
2831
6199
7116
6759
4739
999
5066
6625
4624
1628
6464
1733
4967
7872
5246
6688
2676
3317
544
2296
6503
5951
7066
66
1423
1385
7160
1018
1953
6294
4367
571
5489
2545
5892
1746
963
6300
2433
2468
6217
3233
8172
4520
1938
3266
1616
319
621
2363
7072
7291
3681
6269
1996
5560
5904
669
6519
7028
2546
549
2006
3667
3292
2379
7674
5521
3418
2632
554
1377
236
7510
5452
2312
4838
6765
1929
8108
4401
2949
1968
2582
6862
3595
2738
492
7721
5131
5080
7376
7148
6910
3018
425
2910
8104
2725
6702
5735
5366
5505
7073
5140
3764
5077
6448
2215
635
5228
8179
1902
1160
6541
4352
2307
5611
4097
7931
6630
1981
7447
4803
3258
6634
407
4285
1697
2178
3660
6967
7503
7817
3332
4075
7845
5245
3275
1639
944
1287
508
3757
5502
673
4850
1233
4849
8132
171
2547
1856
475
6144
4385
7058
2629
4632
7367
6443
1048
261
746
2048
5182
7283
5188
1363
6434
3749
2975
1374
430
7788
6994
7189
3642
3370
3176
6809
176
7564
1506
1744
4807
6676
7853
5144
5617
3896
7323
5718
958
3420
6790
3478
7728
3785
3573
7578
4121
1171
4478
4584
1742
2635
2962
3381
7170
1340
3975
4223
1375
6456
5010
4202
281
986
2999
5855
4653
197
3235
7717
7184
2011
3301
4134
4263
3052
1924
3904
7076
4068
4033
2565
1841
1278
3777
7423
451
3104
2270
6084
1221
7435
4320
509
7248
304
3443
6077
6136
3853
6766
1369
3456
2520
7802
2388
7278
970
7691
2957
4948
6637
5032
1316
1031
7878
4220
180
3455
2612
5780
5576
2255
858
2434
1282
3065
6259
5382
1302
1044
7442
18
5610
6584
1593
3774
5993
3171
2699
2236
7655
1231
3139
2734
1720
7709
7218
1420
3162
1651
556
5396
4630
7310
2419
1183
7925
4481
6074
1652
2802
7745
3869
4670
2762
7482
6609
4175
4365
3561
6065
242
2029
2610
1472
3788
596
4768
6500
5523
2830
3992
4441
1311
488
4205
6845
6469
4131
46
7871
7744
1557
2099
336
5567
2147
4127
7416
1488
7924
1331
3877
5327
6670
429
4041
2966
7132
3564
7099
3790
5687
537
4524
5811
4874
3307
2518
3983
3221
6271
7973
3353
3576
6548
4059
2151
8191
4337
2316
5083
7834
3326
833
4770
939
7538
6145
6019
7958
3973
7041
2775
8049
8073
2365
2500
7777
2084
2349
4700
6109
2097
6982
2391
7653
5652
2846
6344
4810
622
5748
4706
6554
7452
137
1988
7155
3169
6188
2918
7794
3743
766
1971
4540
7296
2883
3401
3085
6921
2241
3234
1649
3209
843
6459
2507
6748
3939
3733
6997
743
5074
2706
4008
3615
7874
4246
1193
2131
1978
7567
640
1861
7641
907
5730
895
1274
4920
6264
36
3617
6142
1399
2941
45
3437
916
6773
667
291
6863
6247
5649
3046
235
7556
4909
5098
3098
7483
7401
6058
2939
7668
2998
1562
2306
2281
3980
6984
2755
853
3482
4548
5912
5023
2463
2202
4928
6016
5472
6390
5223
26
6612
1614
1710
6365
5647
848
365
362
3724
3575
714
2727
257
5886
3058
854
5783
4894
7969
200
5953
4631
4655
7319
4415
4821
867
8083
6301
2163
1225
7814
6425
4358
5450
7560
7967
2558
7322
7904
7783
6296
2228
256
810
1675
2501
7444
7023
424
6761
2624
2645
1005
6694
7313
7966
6117
1201
7929
3028
3094
7468
4048
5197
1109
2412
862
5036
3529
4994
3951
710
4157
1637
141
3542
2921
273
4413
3357
4324
3697
4063
773
4274
5152
373
5658
1559
582
6974
6587
7395
5165
2796
2152
377
3208
440
4137
930
5373
3890
1138
8182
1609
2162
3416
6098
2718
1707
1145
7426
7832
7796
205
4126
1276
6588
3797
3759
5974
6093
6258
855
3308
6418
3019
6489
5882
7135
4562
6323
3963
3378
5725
7646
4717
4754
6169
590
7816
2439
232
2350
4554
447
5148
7397
5698
576
4823
546
2023
7330
5004
7704
2453
6991
1722
7140
4861
5862
3369
4227
954
3554
29
6163
6888
4805
4629
1376
871
1007
7123
6726
1440
4321
6885
2318
6320
13
1489
1439
6808
1890
8020
5966
7068
345
6214
356
7955
6426
4408
6033
1312
3186
6789
6050
2108
5932
3509
2948
5903
7828
5161
96
8032
332
5120
3836
2707
3135
2276
5624
7608
1246
5275
3857
5210
6141
5543
3148
5230
7151
725
5065
5737
5043
1290
850
7893
1447
5740
1766
7993
3159
7562
5941
5705
1502
7092
5592
7122
2390
3066
4837
1534
6677
4500
1546
3114
620
6018
1110
3567
7596
6022
7678
3077
3640
1788
4960
3530
6449
121
521
2111
4397
5332
5689
4513
5156
5391
6546
6245
204
880
6920
5539
4852
7954
4473
3766
4201
1471
915
8029
4708
7463
2793
5468
1837
6669
6036
5583
3166
5357
485
3731
7747
5537
5833
949
6575
4081
3347
6013
6255
2826
3237
2744
4656
4173
8016
4974
4772
6470
641
262
6902
8048
275
7200
2026
5387
6387
2357
7057
7080
2279
7521
57
3152
7335
6090
7572
7470
5350
5863
1786
2435
796
5072
5515
5486
5410
42
4602
2123
7886
3563
7561
7866
7354
4230
6953
2008
4831
3824
6516
2526
1459
4476
7957
4660
7897
5123
997
520
7017
1635
1995
5733
1574
6204
1354
5158
5923
931
722
442
2876
4689
6211
4824
6842
4446
1010
1073
691
2504
6002
879
6644
2602
3849
6292
402
361
1016
4334
762
4329
8056
3914
5557
801
390
1307
7943
890
1452
7869
4129
6313
6930
6813
7813
8044
240
1791
6653
629
8058
40
3851
1406
1427
7565
1039
1117
4748
3994
7920
7016
335
3140
7550
6014
5109
849
3211
1006
7533
511
1296
4731
8077
5868
2688
2906
3389
885
435
4640
4316
1184
6055
7008
5255
3060
2746
962
6507
7494
7166
3931
6980
7118
650
8161
495
4373
3906
3990
2487
6985
4795
2942
2556
3429
1676
4827
4386
4335
4076
105
7275
7134
6913
5254
5270
7300
5276
5663
1840
5501
2702
6812
6522
3798
7282
7902
398
6542
5262
2465
5937
656
4817
4593
5895
2085
5438
3303
6557
5738
8087
5804
3588
6511
7812
95
4921
359
1098
6799
271
5293
4612
6236
3625
3272
6414
7667
4427
5405
539
4315
2772
4998
4857
2406
2044
4813
5870
3505
4628
1505
5694
2728
6263
4309
857
4847
3685
3109
3055
6419
4469
2212
2742
8
181
2288
3516
1709
5496
6598
6060
3304
5692
210
715
3867
6780
1665
2984
4018
3815
1097
6855
7842
2370
6666
2110
6337
2404
6404
7277
1140
4983
3049
1049
4651
1130
8088
6776
6287
6547
734
6012
7370
63
2053
3840
1899
4111
7971
7734
1414
5282
3377
6057
7590
7541
2117
7372
1870
3360
19
2274
3628
5460
1137
1430
3789
610
3372
6198
2175
3473
6898
5755
2067
1984
280
2142
8043
898
8174
651
3960
225
3021
158
7614
1553
6846
6592
2847
4938
5226
3589
1342
6934
3296
1348
5545
5746
464
3497
8008
5613
3205
1450
4418
7458
5959
1314
592
4978
5283
6844
3991
7507
6179
4760
6078
3736
3236
313
3976
5217
913
1583
3207
776
1166
482
1498
4720
7795
4792
452
399
8175
1615
4917
7094
7232
7569
2447
8166
4733
5367
2366
161
4647
4209
7664
6069
7659
3156
4551
189
2786
7481
1759
7084
2005
2087
6703
1554
5896
318
1866
6589
2488
7238
175
481
8024
2146
6810
7186
7005
7623
6138
4442
2417
4618
788
3598
1438
1650
2824
5751
7266
2561
2103
7351
7554
1544
7252
2293
3977
4146
6075
8184
4405
525
3722
3969
6988
7173
3767
1360
2285
1608
5939
1522
666
1871
5822
4610
4834
2538
6783
1151
1977
5211
1932
1245
6428
5921
4065
2671
2946
972
1461
411
4361
1579
6495
6272
5902
7285
1306
6727
3941
4182
6295
2599
6334
2344
924
1188
265
2674
2713
5847
552
372
2452
6735
293
4110
489
6894
1667
4398
8076
5657
3097
2508
4812
5807
4644
6461
690
2059
5596
220
6696
4486
5707
1507
5107
214
7031
4509
6447
4349
5954
5062
6591
3763
1935
4905
6291
4186
4587
7083
7823
2176
5167
5798
1177
2590
3988
4046
2812
1829
5929
5029
6361
3776
7716
1084
6177
4878
2050
4037
5991
5147
4522
3762
4116
4291
404
3328
6306
6304
5395
6124
1916
6094
7781
5794
6976
6724
6401
6025
8086
2145
6092
94
3528
5769
6350
8038
2613
5058
2784
2757
1858
5722
6680
4992
3172
5013
7019
403
5092
5441
2129
971
2360
1343
2413
1596
2100
3964
5630
943
1901
2213
1424
5977
4107
5464
4319
1071
3318
6914
3864
6781
5216
3639
323
3447
7713
2359
3286
2747
6889
675
7034
716
720
7517
7649
4620
893
5170
529
4925
7558
5642
5007
595
2273
120
1165
3232
6611
4751
4541
5163
119
2259
3083
3474
6161
2226
2710
1371
4498
8082
5619
3191
3261
82
5936
2864
627
542
8035
3772
4945
947
5552
3925
330
8019
5933
7708
3306
7753
7726
2639
5243
3337
4051
7126
5024
1495
2267
4957
144
7825
97
5820
1737
5149
6108
2124
6540
5784
5763
1894
2909
4290
2168
7051
555
4738
4802
548
4614
4531
2282
1810
2032
1324
4939
3806
4696
1466
3117
7297
5906
6457
2471
3396
2158
246
3862
1512
6001
4501
3929
5703
4024
5950
3740
603
6385
4015
107
413
8153
7209
4993
2074
578
2387
3006
7465
4968
591
3155
1740
142
4164
6371
3039
2583
5982
1850
908
5244
6010
7213
831
2371
1699
7199
5842
2536
523
6237
1228
631
1082
4542
453
1580
7425
6203
4479
7329
4312
6658
5618
35
4232
6244
2996
3044
5037
3752
2833
7396
6494
7489
7671
6867
3801
268
7758
5875
4705
1127
3704
4133
4943
3242
2069
5540
4302
4346
2422
7279
6210
7965
2311
7774
2315
3520
3729
2194
72
7169
845
7331
5202
4929
1120
3876
89
4886
92
3481
1854
2247
1716
152
7087
4123
1869
889
538
3457
4537
3882
1613
6762
48
4996
1111
7109
5716
3579
5240
6032
619
3859
7474
5146
1001
6225
7130
7178
1617
7601
1656
6606
4181
4393
3336
6685
6684
423
4336
700
1074
3718
3489
4657
740
4447
7154
4725
1350
638
468
2816
4553
6370
6416
2608
3034
4049
1928
4577
392
4736
5106
1409
4830
2155
6774
4503
5168
2517
7075
7495
1407
3464
6000
3143
1250
4665
6034
5795
7684
2393
3881
7358
5761
4491
5195
4740
3940
2474
2622
1289
8084
7230
3895
444
184
5963
4801
401
1636
378
6538
4594
6184
5360
4025
5787
4492
1347
1748
1063
8109
6769
6629
6209
7451
1787
2568
3569
5569
7181
3802
5590
7168
5877
5340
4679
2080
6458
3663
7873
5508
1357
1195
366
4366
3537
7255
5762
1271
2173
3835
1970
2771
6767
2695
7922
5317
4952
8103
3884
5321
3694
6912
5368
8165
2286
4625
3354
5089
3048
4940
1386
6636
1303
2128
5548
3803
3614
1261
1571
1114
5536
350
3858
7986
6678
5584
5411
3153
6786
1508
6526
4155
1530
5828
7999
93
4387
5918
859
2696
5566
8013
4761
7574
7875
7549
1404
1042
5056
4865
7196
2300
4565
3649
5864
4112
951
3812
4287
6987
2555
7338
1220
876
1865
5910
6226
4505
7900
6190
6465
5869
6103
1973
7850
2848
2686
2592
4744
198
1045
3363
706
3025
1218
3581
1395
1900
2408
7982
1564
5097
757
4429
1152
4248
6341
5561
2601
6918
3316
4611
8116
7995
128
2971
5608
7723
504
1104
499
2291
4357
2172
1692
6834
6698
1625
2405
2589
1051
3502
7243
5654
4101
6549
219
7315
4035
3415
5130
7202
1113
6162
5961
7913
2102
6631
2197
1330
7509
2104
3203
4353
3551
3438
7934
6079
3703
7658
1948
305
4313
4099
5155
4862
74
7350
3693
3367
388
7703
2164
6505
3198
3181
6941
1372
7069
1425
708
7502
4724
3651
998
543
795
224
5159
7347
6628
6378
2418
4019
7622
1794
7573
4826
1779
3253
5085
4314
346
7450
6017
1643
8037
7004
7086
1144
1886
3966
2753
8098
5945
2878
5575
1500
4034
4991
3376
2811
3695
5988
5978
1040
6818
2207
7756
1435
2566
2683
5044
4722
1242
1821
1818
5750
1693
1208
6392
861
3130
471
1952
3444
5308
6194
7803
7420
4735
7595
2919
8001
5493
584
6796
3057
4774
4396
6654
6551
4889
4986
163
4056
3838
7763
3115
6246
7761
1743
3874
6030
90
3047
3775
4684
7228
960
7782
7006
6121
7808
2531
4519
6873
7194
1468
5442
3860
1541
1434
7392
2855
5412
6274
6959
1139
4430
4497
5682
1403
5969
990
2221
4870
2924
6964
948
1767
2275
